42.34 6.68 1
42.25 5.91 1
44.46 3.66 1
42.45 6.48 1
43.99 4.54 1
43.07 5.21 1
43.21 3.93 1
46.05 3.96 1
44.98 4.71 1
42.71 6.27 1
43.34 6.07 1
44.20 5.90 1
43.47 5.93 1
45.50 3.84 1
43.40 6.60 1
44.17 5.21 1
44.73 3.56 1
43.97 5.05 1
44.44 4.39 1
43.75 6.48 1
45.79 3.41 1
43.44 6.03 1
43.79 5.09 1
44.37 5.63 1
44.84 5.30 1
45.20 5.00 1
43.10 5.74 1
43.65 6.26 1
44.32 5.65 1
44.21 5.52 1
44.00 4.98 1
41.48 6.28 1
43.40 5.45 1
43.63 4.57 1
43.65 6.38 1
43.67 4.65 1
44.89 3.70 1
42.58 5.57 1
43.89 4.42 1
42.80 5.25 1
44.08 5.72 1
46.28 3.26 1
44.02 6.53 1
43.43 4.64 1
44.00 5.70 1
43.95 5.14 1
42.48 6.27 1
43.70 5.43 1
44.05 4.76 1
42.29 7.53 1
43.66 3.86 1
42.96 6.12 1
44.95 3.33 1
45.25 4.46 1
44.15 4.99 1
46.29 4.22 1
42.25 3.98 1
43.37 5.29 1
44.17 6.09 1
42.44 6.28 1
43.42 5.26 1
44.07 4.94 1
44.00 4.12 1
44.88 4.15 1
43.82 4.63 1
45.13 4.59 1
43.47 5.01 1
45.32 2.84 1
43.06 5.36 1
43.90 6.00 1
43.23 6.18 1
44.37 5.52 1
45.04 3.88 1
44.84 4.10 1
43.23 6.33 1
41.63 7.27 1
45.66 4.18 1
44.52 4.15 1
44.45 4.79 1
43.27 6.16 1
43.64 4.52 1
45.17 4.14 1
44.76 4.98 1
43.19 6.30 1
44.45 4.35 1
43.18 5.09 1
44.25 4.17 1
43.02 5.21 1
44.44 5.55 1
43.21 4.68 1
44.03 4.44 1
42.48 7.47 1
44.71 3.75 1
43.25 6.10 1
43.35 4.68 1
43.07 4.93 1
42.64 7.99 1
45.19 3.28 1
45.20 6.02 1
44.66 3.81 1
43.53 5.25 1
44.14 5.94 1
45.46 3.53 1
42.93 6.72 1
43.51 5.08 1
42.34 6.14 1
45.13 4.89 1
44.23 3.56 1
43.58 6.26 1
43.43 3.78 1
44.15 4.88 1
45.29 3.92 1
42.89 5.51 1
45.80 3.04 1
44.76 4.31 1
44.35 3.78 1
45.02 2.58 1
44.31 6.58 1
45.27 4.07 1
44.30 4.34 1
49.05 8.33 0
51.47 5.51 0
50.02 5.93 0
51.29 5.12 0
49.44 8.15 0
50.42 6.94 0
51.21 5.82 0
48.86 9.27 0
50.72 7.61 0
49.73 6.29 0
50.57 5.41 0
49.09 7.79 0
50.58 6.61 0
50.31 7.41 0
52.45 4.76 0
51.17 6.04 0
49.66 8.54 0
49.87 7.59 0
49.97 6.71 0
50.29 6.53 0
51.64 5.80 0
50.98 6.79 0
49.80 7.32 0
51.26 6.50 0
50.43 6.64 0
50.61 7.38 0
50.20 6.29 0
51.23 6.33 0
51.09 5.57 0
49.69 7.31 0
51.16 6.02 0
49.60 7.58 0
48.06 8.04 0
50.06 6.58 0
48.58 9.06 0
51.67 5.99 0
48.45 8.26 0
51.09 5.25 0
49.78 6.89 0
49.74 7.40 0
50.62 5.19 0
50.27 7.14 0
50.25 6.22 0
50.33 7.43 0
49.48 7.74 0
48.80 8.09 0
51.41 6.20 0
49.85 7.39 0
50.15 7.05 0
49.20 6.73 0
50.64 6.50 0
50.61 6.48 0
50.65 7.12 0
49.29 8.00 0
48.59 8.01 0
49.57 7.78 0
49.80 6.93 0
50.45 6.19 0
49.75 6.81 0
52.12 5.02 0
49.32 8.12 0
50.90 5.02 0
50.89 5.05 0
47.64 9.40 0
50.11 5.94 0
48.54 8.52 0
49.46 7.51 0
49.40 7.54 0
49.64 7.32 0
49.83 7.50 0
50.00 6.79 0
49.49 7.55 0
51.28 6.92 0
52.32 5.34 0
51.86 5.69 0
50.41 6.69 0
49.38 7.33 0
48.79 8.28 0
49.68 7.00 0
50.20 6.65 0
49.77 7.88 0
50.42 6.45 0
50.14 6.91 0
49.51 7.26 0
52.08 4.69 0
49.74 6.07 0
49.20 7.29 0
47.94 8.88 0
48.90 7.94 0
51.15 5.27 0
51.15 6.34 0
49.97 6.81 0
49.77 7.53 0
49.77 6.95 0
50.25 6.32 0
50.81 5.59 0
49.49 6.51 0
49.77 7.14 0
48.58 8.87 0
49.68 7.06 0
50.79 5.32 0
49.98 6.80 0
48.83 7.28 0
49.38 9.29 0
49.31 8.53 0
49.69 8.10 0
48.24 7.91 0
49.61 6.34 0
50.61 5.78 0
50.37 7.93 0
50.27 7.17 0
49.42 6.86 0
50.25 5.26 0
48.83 7.83 0
52.48 4.16 0
49.47 6.38 0
49.27 8.08 0
48.94 8.16 0
50.58 5.91 0
51.18 5.10 0
