50.23 5.92 1
51.21 4.25 1
50.94 5.13 1
50.04 4.93 1
51.03 4.57 1
49.09 4.76 1
48.25 4.55 1
49.73 3.57 1
49.67 4.04 1
49.80 6.76 1
51.03 4.68 1
50.11 4.94 1
48.68 6.42 1
49.93 5.34 1
49.87 5.21 1
50.95 3.76 1
51.25 4.36 1
48.54 7.20 1
49.70 4.35 1
50.11 5.21 1
50.27 4.09 1
49.91 4.94 1
49.98 4.35 1
49.68 4.72 1
50.68 5.00 1
49.78 5.95 1
49.45 6.83 1
49.34 5.19 1
49.73 5.03 1
50.05 4.98 1
51.60 4.21 1
50.80 3.82 1
49.01 4.62 1
49.22 5.23 1
52.37 3.98 1
48.72 5.72 1
49.63 5.81 1
51.55 4.63 1
50.18 6.18 1
49.97 6.28 1
49.82 4.29 1
48.15 5.60 1
49.20 5.86 1
49.23 5.03 1
50.64 3.33 1
50.61 4.05 1
49.06 5.27 1
50.35 4.72 1
51.03 2.55 1
49.44 3.47 1
50.84 5.67 1
49.76 5.40 1
48.62 5.48 1
50.13 3.90 1
49.19 5.58 1
49.96 5.95 1
49.49 4.61 1
49.84 4.47 1
50.86 4.23 1
51.25 3.65 1
50.72 5.11 1
49.18 5.75 1
48.03 5.94 1
50.89 4.14 1
50.85 3.59 1
48.81 5.35 1
49.93 5.02 1
51.10 5.58 1
50.99 3.79 1
51.31 4.41 1
48.50 6.11 1
50.51 4.97 1
50.18 5.19 1
48.97 5.29 1
49.94 5.18 1
49.59 5.69 1
52.22 2.94 1
49.99 5.94 1
48.98 5.77 1
49.02 5.78 1
50.66 4.87 1
50.07 5.87 1
49.58 5.81 1
50.32 4.82 1
50.47 5.02 1
50.60 4.45 1
49.17 6.13 1
48.94 5.24 1
48.79 4.99 1
50.31 5.27 1
50.91 4.94 1
50.90 4.01 1
49.82 5.38 1
49.79 4.60 1
49.11 4.11 1
49.89 4.56 1
50.02 4.84 1
49.09 6.09 1
50.46 5.63 1
49.60 5.25 1
48.41 6.38 1
50.17 5.23 1
50.53 4.12 1
49.00 5.61 1
49.92 5.52 1
49.14 6.16 1
51.87 4.66 1
48.33 5.26 1
50.82 4.77 1
51.11 3.46 1
51.45 3.22 1
48.49 5.33 1
49.86 5.56 1
48.63 5.76 1
49.48 5.42 1
49.13 5.96 1
50.78 3.76 1
48.77 6.46 1
50.25 4.01 1
50.47 4.68 1
48.78 7.97 0
49.18 7.86 0
48.23 7.84 0
50.53 6.72 0
48.95 7.35 0
48.16 9.27 0
50.35 7.03 0
50.38 5.70 0
50.73 6.29 0
50.18 7.29 0
49.08 9.23 0
51.79 5.55 0
49.79 7.83 0
48.37 7.89 0
51.03 6.63 0
51.71 6.01 0
50.12 7.99 0
46.40 10.39 0
51.21 6.13 0
48.69 7.82 0
49.86 6.60 0
50.45 7.06 0
50.91 7.35 0
51.11 8.28 0
48.69 7.43 0
49.29 7.54 0
50.34 6.91 0
50.50 5.84 0
50.38 6.35 0
50.48 7.51 0
53.37 4.37 0
51.61 5.38 0
50.10 7.09 0
49.71 7.40 0
49.62 6.73 0
51.14 6.39 0
49.44 7.57 0
49.54 6.94 0
50.90 4.69 0
50.65 6.32 0
49.05 7.75 0
50.95 6.35 0
51.79 6.30 0
49.16 8.30 0
50.09 8.22 0
51.21 6.02 0
47.35 9.79 0
49.58 7.33 0
51.41 5.68 0
50.17 6.85 0
50.36 6.82 0
49.90 7.31 0
50.23 6.54 0
49.21 7.41 0
49.88 8.48 0
50.60 5.61 0
49.68 7.01 0
50.44 6.69 0
50.68 7.14 0
51.23 7.35 0
51.40 6.78 0
48.26 8.99 0
50.16 6.82 0
51.10 4.93 0
48.80 8.20 0
48.80 6.97 0
49.66 6.47 0
47.92 7.90 0
50.43 6.36 0
49.49 7.53 0
50.29 6.36 0
50.04 6.94 0
49.65 8.64 0
51.08 7.13 0
48.68 8.81 0
49.89 7.56 0
50.00 7.75 0
51.56 5.52 0
49.61 7.14 0
49.58 6.66 0
48.86 7.34 0
49.95 7.11 0
49.45 7.88 0
48.78 8.37 0
50.54 7.04 0
50.95 6.66 0
49.76 7.25 0
49.66 6.84 0
51.02 5.36 0
50.42 6.83 0
51.20 5.78 0
49.86 8.79 0
48.09 8.56 0
50.73 6.40 0
50.59 5.80 0
50.77 6.53 0
51.17 5.58 0
48.40 8.87 0
49.51 7.30 0
49.76 6.34 0
51.62 5.50 0
49.53 7.54 0
50.74 5.72 0
50.40 6.82 0
51.32 5.07 0
49.30 8.33 0
50.10 7.15 0
49.13 8.53 0
50.12 7.13 0
51.16 5.50 0
50.94 6.87 0
50.77 6.71 0
49.05 7.88 0
51.83 6.43 0
50.40 5.91 0
50.17 7.16 0
50.63 5.52 0
49.58 8.10 0
50.81 6.88 0
51.14 5.86 0
