0.68 -0.34 1
-0.79 -0.03 1
-0.78 -0.20 1
-0.18 0.73 1
-1.05 -0.10 0
0.48 0.69 1
0.13 -0.83 1
-0.76 0.59 0
-0.82 -0.60 0
0.52 -0.62 1
-0.37 -0.97 0
0.68 0.51 1
0.48 -0.66 1
0.61 -0.52 1
0.34 -0.96 0
0.98 0.31 0
-0.74 -0.73 0
0.60 0.78 0
0.86 0.14 1
0.95 -0.26 0
0.12 0.73 1
0.18 0.95 0
-0.26 0.74 1
-0.87 0.04 0
-0.46 -0.87 0
-0.32 0.97 0
-0.98 0.27 0
0.38 0.87 0
0.73 0.11 1
-0.65 -0.76 0
-0.07 0.82 1
-0.79 0.16 1
-0.17 0.89 1
0.92 -0.37 0
-0.35 -0.96 0
0.32 -0.74 1
0.43 0.78 1
-0.51 -0.46 1
0.72 0.63 0
-0.18 -0.75 1
0.88 0.52 0
-0.13 -0.85 1
-0.78 -0.44 0
-0.82 0.49 0
-0.45 -0.72 1
-0.65 -0.50 1
0.60 0.88 0
-0.27 -0.78 1
-0.49 0.66 1
-0.81 0.01 1
-0.66 0.40 1
0.75 -0.05 1
0.86 -0.62 0
1.01 0.02 0
0.67 -0.77 0
-1.02 -0.03 0
-0.97 0.32 0
0.75 0.38 1
0.88 -0.57 0
0.72 -0.67 0
-0.95 -0.26 0
0.74 -0.32 1
0.85 -0.05 1
0.23 0.71 1
-0.90 0.35 0
0.06 1.01 0
0.02 -0.94 0
0.40 0.98 0
0.95 0.18 0
0.06 -0.94 0
0.50 -0.51 1
-0.65 0.29 1
-0.46 0.95 0
0.95 -0.12 0
0.20 -0.93 0
-0.81 -0.38 1
-0.42 -0.70 1
-0.19 -1.00 0
0.49 -0.82 0
0.15 0.83 1
-0.66 -0.30 1
-0.26 0.98 0
-0.03 1.03 0
0.93 0.37 0
-0.55 0.88 0
-0.33 0.68 1
0.40 0.62 1
-0.56 0.60 1
0.06 -0.78 1
0.88 0.69 0
0.67 0.26 1
-0.75 0.17 1
-0.60 -0.54 1
0.26 -0.78 1
-0.92 -0.21 0
-0.72 0.47 1
-0.69 0.79 0
0.81 -0.22 1
0.31 -0.98 0
0.52 0.57 1
